01447680
01448500
01449360
01449500
01452500
01465798
01467048
01467086
01469500
01475510
01475550
01476500
01477800
01478000
01480000
01480300
01480500
01480675
01480685
01483200
01483700
01484000
01484100
01484300
01484500
01484800
01485500
01486000
01486500
01487500
01488500
01489000
01490000
01492000
01493000
01493500
01496000
01496200
01516500
01517000
01534300
01537000
01537500
01538000
01542810
01545600
01547700
01549500
01552500
01557500
01561000
01567500
01568500
01569800
01581500
01581700
01583000
01584050
01584500
01585095
01585100
01585200
01585300
01585400
01585500
01588000
01589100
01589300
01589330
01589440
01589500
01590000
01590500
01591000
01591400
01591700
01593500
01594500
01594930
01594936
01595200
01595300
01596500
01597000
01603500
01613050
01613900
01614090
01616000
01617000
01617800
01620500
01636210
01640500
01641000
01641500
01645000
01645200
01646550
01650500
01651000
01652500
01653000
01653500
01653600
01654000
01655500
01658500
01660400
01661000
01661050
01661500
01661800
01662500
01662800
01665000
01668500
01669000
01670000
01671500
01673500
01673550
02017000
02018500
02022500
02027500
02036500
02038000
02038850
02043500
02044000
02051600
02055100
02076500
03011800
03022540
03026500
03049800
03052500
03062400
03076600
03083000
03084000
03101000
03111150
03165000
03178500
03206600
03208700
03213500
03478400
04213040